
# 6个stage颜色
female_stagePalette <- c(
  E10.5="#2754b5", 
  E11.5="#8a00b0", 
  E12.5="#d20e0f", 
  E13.5="#f77f05", 
  E16.5="#f9db21",
  P6="#43f14b"
)
# 4个cluster颜色
female_clusterPalette <- c(
  C1="#560047",
  C2="#a53bad", 
  C3="#eb6bac", 
  C4="#ffa8a0"
)
# 2个发育谱系颜色
female_clusterPalette2 <- c(
  "#ff6663", 
  "#3b3561"
)